From: John Hokkanen

This is a readme file.

To run the GS490 Genetic Scheduler, place all files in C:\CaseStudy\ and execute via Canopy from that location. 
It has a demo configuration specified which was used for the example run in the MSPowerpoint.

Here is the output that should be generated when it is run.  If you obtain different output, then a problem exists.
=============================================================================
Welcome to Canopy's interactive data-analysis environment!
Type '?' for more information.
Python 3.5.2 |Enthought, Inc. (x86_64)| (default, Mar  2 2017, 16:37:47) [MSC v.1900 64 bit (AMD64)]
Type "copyright", "credits" or "license" for more information.

IPython 5.3.0 -- An enhanced Interactive Python.
?         -> Introduction and overview of IPython's features.
%quickref -> Quick reference.
help      -> Python's own help system.
object?   -> Details about 'object', use 'object??' for extra details.

%run "C:\CaseStudy\MTSPCaseStudy8SubmitVersion.py"
C:\CaseStudy\MTSPCaseStudy8SubmitVersion.py:120: SettingWithCopyWarning: 
A value is trying to be set on a copy of a slice from a DataFrame.
Try using .loc[row_indexer,col_indexer] = value instead

See the caveats in the documentation: http://pandas.pydata.org/pandas-docs/stable/indexing.html#indexing-view-versus-copy
  mydata['index']=mydataindex
C:\CaseStudy\MTSPCaseStudy8SubmitVersion.py:122: SettingWithCopyWarning: 
A value is trying to be set on a copy of a slice from a DataFrame.
Try using .loc[row_indexer,col_indexer] = value instead

See the caveats in the documentation: http://pandas.pydata.org/pandas-docs/stable/indexing.html#indexing-view-versus-copy
  mydata['genenum'] = mydata.index

 0 2 [115743  13453  12750  14273  15205] [9, 6, 5]  
 1 2 [115554  13453  11894  14273  15205] [6, 4, 8, 5, 4, 8, 8, 8]  
 2 2 [115235  13453  11015  13923  12894] [2, 2]  
 3 2 [115235  13453  10728  13923  10728] [5, 5]  
 4 2 [114099  13453  10078  13923  10728] [8, 8, 6, 6, 4, 4, 3, 1]  
 5 2 [114099  13068  10078  13172  10728] [9, 1, 9, 7, 4, 10, 7]  •1
 7 2 [114099  13068  10078  12795  10728] [3, 4, 4, 5, 7, 10]  
 9 2 [114099  13068   9373  12795  10037] [4, 5, 6, 6, 6]  
 12 2 [113374  13068   8971  12795  10037] [10, 10, 8, 6, 6, 5, 3, 1]  •3
 13 2 [113374  13068   8971  12795   8971] [6, 6]  
 14 2 [113374  13068   8971  12672   8971] [20, 20, 21, 21, 22]  
 15 2 [113374  13068   8930  12672   8930] [10, 10, 10, 9, 9, 9]  
 16 2 [10803 13068  8930 12672  8930] [6, 4]  
 17 2 [10803 13068  8930 12572  8930] [3, 6, 10]  •0
 20 2 [10308 13068  8930 12387  8930] [2, 5, 5, 6, 7, 9, 10]  
 22 2 [10308 13068  8930 11198  8930] [9, 4]  
 23 2 [10308 13048  8930 11198  8930] [2, 9, 10]  
 24 2 [ 9198 11989  8930 11198  8930] [6, 8]  
 25 2 [ 9198 10631  8930 11198  8930] [9, 6]  
 27 2 [ 9198 10631  8292 11198  8292] [21, 21, 22]  
 28 2 [ 9198 10631  8292 10655  8292] [2, 3, 4, 4, 7, 7, 10]  •0
 30 2 [ 9198 10589  8292 10655  8292] [10, 10, 10, 9, 6, 5, 5]  
 31 2 [ 9198  9688  8292 10617  8292] [10, 8, 4, 7, 8, 1]  
 32 2 [ 9198  8967  8292 10617  8292] [3, 6, 10, 3]  
 33 2 [ 9198  8967  8247 10617  8292] [2, 8, 6, 7, 7]  
 38 2 [ 9198  8967  8247 10592  8292] [4, 6, 9, 9, 3, 9, 8]  •0•3
 40 2 [ 9198  8967  8247 10592  8247] [5, 7]  
 42 2 [ 9198  8967  8247 10166  8247] [3, 8, 9]  
 43 2 [ 9198  8967  7791 10166  8247] [5, 8]  
 46 2 [9198 8967 7791 9761 8162] [9, 8, 6, 5, 5, 5, 2, 1]  
 47 2 [9198 8967 7214 9761 8045] [6, 4]  
 48 2 [9198 8967 7214 9080 8045] [10, 9, 8, 7, 5, 2]  •0
 50 2 [9198 8967 7214 8368 8045] [1, 1, 1, 8]  •2
 51 2 [9198 8967 7214 7897 8045] [9, 9, 8, 8, 6, 2]  
 52 2 [9198 8767 7214 7897 8045] [4, 9]  
 53 2 [9198 8614 7214 7897 8045] [6, 6, 10, 7, 7, 4, 3]  
 54 2 [9022 8614 7214 7897 8045] [10, 8, 8, 5, 5, 9, 5]  
 56 2 [9022 8614 7214 7897 7638] [3, 4, 6, 8, 9]  
 58 2 [9022 8614 7045 7897 7045] [8, 6]  •0
 67 2 [8374 8614 7045 7897 7045] [1, 5]  
 68 2 [8374 8344 7045 7897 7045] [7, 5, 3, 4, 6, 4, 7]  
 72 2 [8374 7482 7045 7897 7045] [1, 4, 4, 5, 10]  •2•3•4
 76 2 [8374 7452 7045 7897 7045] [21, 21, 22]  
 77 2 [8165 7452 7045 7897 7045] [4, 5, 7, 5, 7, 3, 6]  •2
 87 1 [8165 6550 7045 7897 7045] [10, 7, 6, 4]  
 88 2 [8165 6550 6267 7897 7045] [5, 6, 7, 9, 9, 10, 10]  
 89 2 [8165 6550 6256 7897 7045] [9, 7, 7, 6, 6, 5, 4, 3, 2]  
 93 2 [8165 6546 5886 7897 5886] [1, 4, 8, 4, 7, 7, 4, 1]  
 100 2 [8165 6514 5879 7897 5879] [9, 3, 2]  
 103 1 [8165 5689 5879 7897 5879] [20]  
 107 1 [8165 5689 5879 7897 5699] [1, 7, 7, 10]  
 110 1 [8165 5618 5879 7897 5618] [3, 6, 3]  
 111 1 [8165 5504 5879 7897 5618] [5, 6, 7, 7, 8, 8, 8, 10]  
 112 1 [8165 5500 5879 7897 5500] [3, 6, 6, 7, 8, 9, 10]  
 114 1 [7544 5500 5879 7897 5500] [10, 8, 5, 4, 4, 2, 1]  •3
 125 1 [7544 5500 5879 7624 5500] [7, 7, 7, 6, 6]  •4
 126 1 [6954 4885 5879 7624 4885] [10, 5, 4, 4, 1]  
 127 1 [6906 4885 5879 7624 4885] [7, 2, 5]  •2•1•0•2
 144 1 [6906 4669 5879 7624 4885] [5, 5, 5, 6, 7, 8, 10]  
 145 1 [6412 4669 5879 7624 4885] [5, 2, 10, 4]  
 151 1 [6412 4669 5879 6244 4885] [10, 9, 7, 6, 4, 3, 3]  
 152 1 [6412 4669 5667 6244 4885] [3, 5, 5, 9, 10]  •2
 160 1 [6412 4669 5667 6244 4880] [9, 9]  
 162 1 [6412 4669 5667 6220 4880] [2, 9, 10, 5, 9, 8, 9, 3, 9]  
 166 1 [6412 4669 5332 6220 4880] [3, 4, 5, 7, 7, 8, 9]  •2
 182 1 [6412 4669 5332 6220 4825] [10, 7]  
 183 1 [6412 4667 5332 6220 4667] [5, 6, 7]  
 187 1 [6282 4667 5332 6220 4667] [10, 9]  
 190 1 [6282 4661 5332 6220 4661] [5, 5]  
 196 1 [6282 4661 5332 6214 4661] [6, 10]  
 209 1 [6077 4661 5332 6092 4661] [3, 4, 7, 9]  •2•3
 228 1 [6077 4628 5332 6092 4628] [8, 7]  •2
 249 1 [6077 4628 5294 6092 4628] [10, 2]  
 253 1 [6077 4606 5294 6092 4606] [7, 10]  •0•1•3
 262 1 [5707 4606 5294 6092 4606] [2, 4, 5, 6, 6, 8, 9, 10]  •1
 269 1 [5662 4606 5294 6092 4606] [4, 5, 8]  
 270 1 [5542 4606 5294 6092 4606] [10, 6, 6, 5, 5]  
 277 1 [5542 4606 5294 5804 4606] [4, 4, 6, 6, 8, 9, 10, 10]  
 283 1 [5542 4554 5294 5804 4606] [9, 5]  
 286 1 [5542 4554 5294 5623 4606] [20]  •4
 287 1 [5542 4554 5296 5623 4606] [10, 9, 7]  •P:2
 289 1 [5542 4554 5296 5595 4581] [5, 3, 3]  •1•2
 306 1 [5542 4552 5296 5595 4581] [7, 4, 4]  •2
 310 1 [5542 4552 5104 5595 4581] [9, 7, 8, 5, 9, 9, 10, 1]  •1•2
 324 1 [5542 4467 5104 5595 4552] [7, 6]  
 330 1 [5542 4467 5099 5595 4552] [1, 6]  •2
 334 1 [5542 4467 5099 5567 4552] [2, 3, 8]  
 335 1 [5542 4425 5099 5567 4552] [9, 8, 7, 7, 3, 2]  
 336 1 [5542 4425 5042 5567 4552] [10, 5, 3, 8, 10, 1, 7, 10]  
 337 1 [5542 4425 5042 5567 4441] [5, 7]  
 345 1 [5542 4425 5042 5567 4427] [7, 5]  •1•2•2•0
 375 1 [5542 4418 5042 5567 4427] [8, 1, 5, 1]  
 378 1 [5542 4418 5042 5567 4418] [7, 6, 4]  
 379 1 [5542 4045 5042 5567 4045] [10, 10, 10]  •2•2
 403 1 [5542 4045 4981 5567 4045] [4, 5, 6, 6, 7, 9, 9]  •4•0
 418 1 [5542 4045 4981 5548 4045] [2, 5, 5, 7, 9, 9, 10]  •2
 423 1 [5542 4045 4945 5548 4045] [2, 3, 7, 10]  •2•0
 448 1 [5542 4045 4914 5548 4045] [1, 7, 8, 2, 9, 5, 10]  •3
 455 1 [5542 3938 4914 5548 4045] [10, 4, 4, 4]  
 463 1 [5402 3938 4914 5548 4045] [1, 7, 10, 5, 1, 7]  
 473 1 [5402 3938 4850 5548 4045] [1, 9, 6, 10, 7, 10, 8]  
 475 1 [5402 3938 4850 5548 3948] [20]  
 476 1 [5402 3935 4850 5548 3935] [5, 6, 7]  •2
 482 1 [5402 3766 4850 5548 3766] [20, 20, 21, 21, 22]  
 485 1 [5382 3766 4850 5548 3766] [4, 8, 8, 9, 3, 8, 8, 5]  •3•0•3
 497 1 [5382 3766 4678 5548 3766] [8, 6, 6, 8, 3, 7, 1]  •2
 512 1 [5382 3616 4678 5548 3616] [20, 20, 21, 21, 22]  
 514 1 [5382 3616 4678 5523 3616] [9, 5, 8]  •P:1•1•1•4
 530 1 [5382 3615 4678 5523 3616] [4, 1, 9, 5, 7, 9, 10]  
 533 1 [5381 3615 4678 5523 3616] [4, 5, 8, 4, 6, 9, 4]  •2
 536 1 [5346 3615 4678 5523 3616] [10, 7, 9, 8, 8, 3, 2]  
 545 1 [5346 3615 4678 5523 3615] [6, 7]  
 548 1 [5346 3615 4678 5482 3615] [2, 2, 4, 6, 9]  
 552 1 [5346 3615 4671 5482 3615] [1, 1, 4, 4, 10]  •4
 555 1 [5346 3615 4671 5148 3615] [2, 5, 2, 7, 6]  
 566 1 [4892 3615 4671 5148 3615] [9, 7, 7, 6, 6]  •3
 567 1 [4892 3615 4254 5148 3615] [8, 4]  
 568 1 [4892 3499 4254 5148 3615] [3, 6, 6, 7, 10]  
 569 1 [4892 3499 4254 5108 3500] [20, 20, 21, 21, 22]  
 575 1 [4892 3499 4235 5108 3500] [7, 1, 8, 1]  
 581 1 [4892 3499 4235 5081 3500] [6, 9]  •3
 593 1 [4892 3492 4235 5081 3492] [7, 4]  
 594 1 [4275 3492 4235 5081 3492] [2, 7, 4, 9, 4, 9, 5, 8]  
 600 1 [4275 3492 4194 5081 3492] [10, 9, 7, 3, 2, 1]  
 609 1 [4275 3492 4194 5077 3492] [10, 9, 8, 7, 6, 6, 6]  
 611 1 [4275 3482 4194 5077 3492] [5, 4, 4, 2]  
 618 1 [4275 3445 4194 5077 3492] [10, 8, 7, 5, 5, 4, 3]  
 620 1 [4275 3445 4194 5077 3486] [5, 6]  •1
 625 1 [4275 3445 4186 5077 3486] [9, 4]  
 629 1 [4275 3445 4186 4793 3486] [4, 3]  •1
 636 1 [4275 3287 4186 4793 3486] [2, 4, 4, 5, 6, 6, 10]  
 645 1 [4275 3287 4186 4759 3486] [9, 4, 5, 7]  
 648 1 [4275 3287 4186 4759 3291] [10, 5]  
 650 1 [4275 3287 4146 4759 3291] [7, 1]  
 655 1 [4275 3287 4117 4759 3291] [8, 9, 9, 10, 10, 10]  •1
 662 1 [4275 3234 4117 4759 3291] [9, 6, 5, 4, 2, 2, 1]  
 664 1 [4275 3234 4114 4759 3291] [1, 2, 5, 5, 7, 9, 9]  •0
 667 1 [4065 3234 4114 4759 3291] [9, 7, 6, 5, 4, 4, 3]  •2
 672 1 [4065 3207 4114 4759 3234] [7, 6]  
 675 1 [4065 2961 4114 4759 2961] [4, 7, 8]  
 682 1 [3820 2961 4114 4448 2961] [2, 4, 10, 7, 4, 4, 5, 10]  •1
 690 1 [3820 2911 4114 4448 2911] [21, 21, 22]  •2
 691 1 [3820 2911 4114 4443 2911] [10, 1, 5, 3]  
 693 1 [3820 2911 3808 4443 2911] [9, 9, 6, 6, 5, 5, 1]  •3
 699 1 [3571 2911 3808 4443 2911] [6, 7]  
 714 1 [3515 2911 3808 4443 2911] [1, 10, 6, 6, 4, 7, 7, 4]  •3
 719 1 [3515 2875 3808 4443 2911] [4, 7, 6]  •4•2•2
 732 1 [3515 2875 3647 4443 2893] [9, 3, 2, 1]  •3
 738 1 [3515 2875 3647 4258 2893] [3, 5, 6, 7, 8, 9, 9]  
 754 1 [3515 2875 3461 4258 2893] [6, 1, 9, 10, 5, 5]  •0
 768 1 [3515 2875 3454 4258 2893] [1, 4, 5]  
 772 1 [3515 2875 3454 4258 2875] [6, 6, 7]  •0
 775 1 [3515 2850 3454 4258 2875] [2, 5, 6, 9, 9]  
 776 1 [3515 2850 3454 4258 2850] [6, 7]  •0•0•1•1•4
 814 1 [3515 2810 3454 4258 2850] [21, 21, 22]  •4•3
 819 1 [3515 2810 3454 4258 2810] [7, 4]  
 820 1 [3518 2810 3454 4258 2810] [7, 5, 4, 6]  •P:0•1•1
 854 1 [3518 2720 3454 4258 2810] [6, 5, 6, 5, 10, 10, 1]  
 855 1 [3518 2720 3454 4258 2720] [21, 21, 22]  •1
 866 1 [3508 2720 3454 4258 2720] [5, 5, 5, 8, 10]  
 885 1 [3508 2696 3454 4258 2720] [1, 5, 5, 10]  
 888 1 [3508 2696 3202 4258 2720] [2, 9]  •3•2•2•0•3•2
 916 1 [3508 2696 3117 4258 2720] [6, 10]  
 920 1 [3508 2696 3117 4258 2697] [6, 10]  •0
 929 1 [3505 2696 3117 4258 2697] [8, 4, 3, 1]  •2•2•3•4
 962 1 [3505 2696 3117 4258 2696] [7, 6]  •4•2•3•0•0•2•0•0•3
 985 1 [3505 2696 3032 4258 2696] [7, 7, 3, 2, 7, 7, 10]  •0
 993 1 [3505 2696 2913 4258 2696] [9, 6]  •1
 1013 1 [3505 2681 2913 4258 2696] [1, 7, 3, 2, 4, 1]  •3
 1025 1 [3505 2681 2913 4251 2681] [7, 6]  
 1032 1 [3505 2575 2913 4251 2575] [20]  
 1034 1 [3505 2575 2913 4230 2575] [8, 4]  •0•P:1
 1065 1 [3505 2575 2872 4230 2575] [9, 7, 6, 5]  •4
 1068 1 [3505 2551 2872 4230 2551] [7, 6, 5, 1]  
 1069 1 [3505 2544 2872 4230 2551] [9, 8, 8, 8, 7, 5, 5]  
 1071 1 [3505 2544 2872 4230 2544] [7, 7]  
 1099 1 [3505 2540 2872 4230 2540] [7, 5]  •1•0•2•3
 1134 1 [3505 2540 2872 4216 2540] [2, 5, 9, 8, 6]  
 1136 1 [3437 2540 2872 4216 2540] [5, 10]  •1•1
 1156 1 [3437 2540 2815 4216 2540] [10, 10, 10, 7, 5, 4, 2]  
 1158 1 [3437 2540 2814 4216 2540] [9, 10, 2, 10, 9, 6]  •1
 1165 1 [3277 2540 2814 4216 2540] [10, 7, 10, 8, 10, 9, 9]  •0•1
 1176 1 [3276 2540 2814 4216 2540] [6, 7]  •4•4•2•1•0
 1191 1 [3276 2540 2814 4096 2540] [9, 5, 3]  •0•0•1•2•1
 1206 1 [3276 2512 2814 4096 2540] [10, 8]  
 1212 1 [3276 2490 2814 4096 2490] [4, 3]  
 1214 1 [3276 2490 2813 4096 2490] [10, 9, 9, 9, 8, 5, 1]  •2•0
 1231 1 [3276 2474 2813 4096 2474] [8, 6]  
 1233 1 [3276 1868 2813 4096 1868] [9, 7, 5]  
 1234 1 [2740 1868 2813 4096 1868] [9, 2, 9, 8, 7, 8, 4, 6]  •2
 1242 1 [2740 1868 2796 4096 1868] [5, 8, 4]  •4•4•3
 1263 1 [2740 1860 2796 4096 1868] [10, 4]  •3•0
 1276 1 [2269 1860 2796 4096 1868] [3, 5, 5, 7, 8]  •1•0
 1304 1 [2269 1860 2797 4096 1868] [10, 9, 8, 8, 5, 4, 1]  •P:2
 1312 1 [2269 1860 2797 4096 1865] [3, 5, 7]  
 1313 1 [2269 1860 2748 4096 1865] [10, 10, 8, 7, 5, 4]  •2•2•1
 1363 1 [2269 1857 2748 4096 1857] [3, 6]  •4•4
 1378 1 [2269 1857 2740 4096 1857] [1, 7, 10]  •P:1
 1391 1 [2277 1857 2740 4096 1857] [6, 6, 7, 7, 10, 10, 10]  •P:0
 1397 1 [2277 1857 2733 4096 1857] [3, 4, 6, 6, 6, 9, 10]  
 1411 1 [2238 1857 2733 4096 1857] [10, 9, 6, 6, 6, 6, 2]  •4•4•1•2
 1434 1 [2238 1857 2733 3996 1857] [7, 3, 2, 1]  
 1437 1 [2238 1853 2733 3996 1853] [1, 5, 6]  •0•4•0•4•2•4•3•P:1•1•4
 1504 1 [2238 1853 2723 3996 1853] [5, 10, 6]  •3
 1515 1 [2238 1853 2685 3996 1853] [9, 3]  
 1519 1 [2238 1853 2685 3973 1853] [10, 6, 4]  •3•2•3•2•3
 1619 1 [2238 1853 2685 3973 1857] [20]  •P:4•3•0
 1632 1 [2238 1853 2685 3973 1853] [6, 6, 7]  •0•1•3•0
 1660 1 [2238 1853 2685 3966 1853] [4, 4, 4, 5]  
 1662 1 [2238 1853 2685 3842 1853] [2, 5, 9, 6, 10, 5, 7]  •P:1•3•1•2
 1683 1 [2238 1853 2685 3837 1853] [4, 5, 6, 7, 7, 8, 10]  
 1691 1 [2235 1853 2685 3837 1853] [9, 9, 5, 5, 5, 2, 1]  •1
 1703 1 [2235 1853 2685 3835 1853] [4, 7, 7, 9]  •2•3•4•2•0•2•0•3•3
 1793 1 [2235 1853 2685 3835 1859] [1, 7]  •3•P:4•3•1•0•3
 1810 1 [2235 1853 2672 3835 1859] [10, 9, 9, 7, 2, 3]  
 1812 1 [2235 1853 2672 3835 1856] [4, 7]  •1•3
 1818 1 [2235 1853 2669 3835 1856] [4, 8, 7, 8, 8, 2, 1, 7, 3]  
 1820 1 [2129 1853 2669 3835 1856] [2, 3, 7]  
 1821 1 [2129 1853 2669 3835 1854] [5, 6]  •0
 1826 1 [2129 1851 2669 3835 1854] [7, 9, 9]  •1
 1851 1 [2129 1849 2669 3835 1854] [7, 6, 6, 5, 3]  
 1858 1 [2129 1849 2669 3663 1854] [4, 5, 6, 6, 8, 9, 10]  •3
 1869 1 [2121 1849 2669 3663 1854] [9, 8, 7, 4, 2]  •0•2•0
 1903 1 [2121 1849 2664 3663 1854] [9, 1, 2, 4, 7]  •2•1
 1912 1 [2121 1849 2664 3667 1854] [10, 7, 5]  •P:3•1•0•2
 1925 1 [2075 1849 2664 3667 1854] [7, 5]  
 1943 1 [1993 1849 2664 3667 1854] [1, 2, 4, 4, 5]  •0•1•0
 1951 1 [1993 1849 2664 3670 1854] [4, 4, 6]  •P:3•2•1•3•3•3•2
 1991 1 [1993 1849 2664 3670 1864] [7, 9]  •P:4
 2002 1 [1993 1849 2664 3669 1864] [20, 20, 21, 21, 22]  •2
 2006 1 [1997 1849 2664 3669 1864] [10, 10, 9, 8, 7, 6, 5, 4, 1]  •P:0
 2008 1 [1997 1849 2664 3668 1864] [9, 8, 7, 7, 7, 1, 1]  
 2015 1 [1997 1836 2664 3668 1836] [7, 1, 3, 6]  •1•2•1•3•0•2•3•0•0
 2052 1 [1997 1836 2664 3410 1836] [10, 2]  
 2062 1 [1997 1836 2664 3410 1839] [1, 7]  •P:4
 2067 1 [1997 1836 2662 3410 1839] [1, 3]  •3
 2077 1 [1997 1830 2662 3410 1830] [1, 1]  •3•4•4
 2104 1 [2001 1830 2662 3410 1830] [9, 3]  •P:0•2•2•1•3•0
 2164 1 [2001 1830 2662 3262 1830] [9, 9, 8, 7, 6, 4, 1]  •0•3•0
 2190 1 [2001 1788 2662 3262 1788] [6, 2, 7]  •1•2•4•3
 2195 1 [2001 1782 2662 3262 1788] [2, 4, 6, 7, 10]  •0
 2197 1 [2001 1782 2662 3262 1783] [5, 1, 4]  •3
 2204 1 [2001 1782 2662 3262 1782] [7, 7, 6]  •0•4•2•4•0
 2245 1 [1999 1782 2662 3262 1782] [5, 7]  •3•4
 2253 1 [1991 1782 2662 3262 1782] [7, 10]  
 2262 1 [1991 1782 2662 3110 1782] [10, 9, 6, 5, 7, 9, 7]  •4•2
 2278 1 [1991 1763 2662 3110 1782] [10, 7, 4, 2, 1]  •1•2
 2293 1 [1991 1763 2662 3110 1763] [6, 7]  •2
 2303 1 [1991 1763 2566 3110 1763] [1, 5, 10]  •1•2
 2318 1 [1991 1763 2561 3110 1763] [1, 5, 6, 9]  •2
 2336 1 [1953 1763 2561 3110 1763] [10, 8, 5]  •1
 2344 1 [1953 1763 2561 3116 1763] [1, 4, 5, 8, 9]  •P:3•4•1•4
 2369 1 [1953 1760 2561 3116 1760] [20]  
 2373 1 [1956 1760 2561 3116 1760] [8, 8, 4, 3, 1]  •P:0•3
 2375 1 [1956 1760 2561 2890 1760] [5, 10]  •3•4•4•1
 2410 1 [1956 1699 2561 2890 1760] [3, 2]  •2•3•1
 2421 1 [1956 1699 2560 2890 1760] [6, 2, 10]  •1
 2429 1 [1959 1699 2560 2890 1760] [4, 9]  •P:0•3
 2437 1 [1959 1699 2560 2890 1699] [7, 7]  •0•2•0•1
 2465 1 [1957 1699 2560 2890 1699] [2, 5, 5, 7, 10]  •0•3•2•P:1•2•0Gen: 2500    MeanFitness: 2161.0    TopItem: 1 ( 1699 )

truck,stop,orderid,from,to,travelmin,cumtravel,volume,cumvolume,unloadmin,cumunload,miles,cummiles,overntmin
 0 , 0 , 15 , -1 , 84 , 172.5 , 172.5 , 157 , 157.0 , 30.0 , 30.0 , 115 , 115.0
 0 , 1 , 168 , 84 , 85 , 7.5 , 180.0 , 170 , 327.0 , 30.0 , 60.0 , 5 , 120.0
 0 , 2 , 104 , 85 , 92 , 22.5 , 202.5 , 124 , 451.0 , 30.0 , 90.0 , 15 , 135.0
 0 , 3 , 152 , 92 , 93 , 1.5 , 204.0 , 211 , 662.0 , 30.0 , 120.0 , 1 , 136.0
 0 , 4 , 58 , 93 , 93 , 0.0 , 204.0 , 183 , 845.0 , 0.0 , 120.0 , 0 , 136.0
 0 , 5 , 223 , 93 , 93 , 0.0 , 204.0 , 144 , 989.0 , 0.0 , 120.0 , 0 , 136.0
 0 , 6 , 80 , 93 , 86 , 1.5 , 205.5 , 110 , 1099.0 , 30.0 , 150.0 , 1 , 137.0
 0 , 7 , 175 , 86 , 72 , 354.0 , 559.5 , 160 , 1259.0 , 30.0 , 180.0 , 236 , 373.0
 0 , 8 , 258 , 72 , 72 , 0.0 , 559.5 , 165 , 1424.0 , 0.0 , 180.0 , 0 , 373.0
 0 , 9 , 258 , 72 , -1 , 301.5 , 861.0 , 0 , 1424.0 , 0.0 , 180.0 , 201 , 574.0, 201.0

 1 , 0 , 132 , -1 , 67 , 106.5 , 106.5 , 244 , 244.0 , 30.0 , 30.0 , 71 , 71.0
 1 , 1 , 209 , 67 , 27 , 120.0 , 226.5 , 246 , 490.0 , 30.0 , 60.0 , 80 , 151.0
 1 , 2 , 28 , 27 , 26 , 1.5 , 228.0 , 85 , 575.0 , 30.0 , 90.0 , 1 , 152.0
 1 , 3 , 70 , 26 , 26 , 0.0 , 228.0 , 200 , 775.0 , 0.0 , 90.0 , 0 , 152.0
 1 , 4 , 162 , 26 , 28 , 1.5 , 229.5 , 106 , 881.0 , 30.0 , 120.0 , 1 , 153.0
 1 , 5 , 255 , 28 , 32 , 3.0 , 232.5 , 120 , 1001.0 , 30.0 , 150.0 , 2 , 155.0
 1 , 6 , 23 , 32 , 32 , 0.0 , 232.5 , 1676 , 2677.0 , 3.6 , 153.6 , 0 , 155.0
 1 , 7 , 178 , 32 , 35 , 10.5 , 243.0 , 165 , 2842.0 , 30.0 , 183.6 , 7 , 162.0
 1 , 8 , 178 , 35 , -1 , 34.5 , 277.5 , 0 , 2842.0 , 0.0 , 183.6 , 23 , 185.0

 2 , 0 , 217 , -1 , 95 , 141.0 , 141.0 , 220 , 220.0 , 30.0 , 30.0 , 94 , 94.0
 2 , 1 , 40 , 95 , 99 , 39.0 , 180.0 , 213 , 433.0 , 30.0 , 60.0 , 26 , 120.0
 2 , 2 , 76 , 99 , 96 , 36.0 , 216.0 , 631 , 1064.0 , 30.0 , 90.0 , 24 , 144.0
 2 , 3 , 120 , 96 , 96 , 0.0 , 216.0 , 124 , 1188.0 , 0.0 , 90.0 , 0 , 144.0
 2 , 4 , 237 , 96 , 97 , 7.5 , 223.5 , 148 , 1336.0 , 30.0 , 120.0 , 5 , 149.0
 2 , 5 , 207 , 97 , 97 , 0.0 , 223.5 , 145 , 1481.0 , 0.0 , 120.0 , 0 , 149.0
 2 , 6 , 117 , 97 , 48 , 148.5 , 372.0 , 161 , 1642.0 , 30.0 , 150.0 , 99 , 248.0
 2 , 7 , 90 , 48 , 33 , 13.5 , 385.5 , 187 , 1829.0 , 30.0 , 180.0 , 9 , 257.0
 2 , 8 , 244 , 33 , 42 , 15.0 , 400.5 , 163 , 1992.0 , 30.0 , 210.0 , 10 , 267.0
 2 , 9 , 251 , 42 , 13 , 33.0 , 433.5 , 146 , 2138.0 , 30.0 , 240.0 , 22 , 289.0
 2 , 10 , 251 , 13 , -1 , 12.0 , 445.5 , 0 , 2138.0 , 0.0 , 240.0 , 8 , 297.0

 3 , 0 , 45 , -1 , 90 , 162.0 , 162.0 , 242 , 242.0 , 30.0 , 30.0 , 108 , 108.0
 3 , 1 , 109 , 90 , 101 , 30.0 , 192.0 , 198 , 440.0 , 30.0 , 60.0 , 20 , 128.0
 3 , 2 , 128 , 101 , 101 , 0.0 , 192.0 , 204 , 644.0 , 0.0 , 60.0 , 0 , 128.0
 3 , 3 , 85 , 101 , 112 , 81.0 , 273.0 , 127 , 771.0 , 30.0 , 90.0 , 54 , 182.0
 3 , 4 , 87 , 112 , 119 , 21.0 , 294.0 , 163 , 934.0 , 30.0 , 120.0 , 14 , 196.0
 3 , 5 , 250 , 119 , 106 , 57.0 , 351.0 , 167 , 1101.0 , 30.0 , 150.0 , 38 , 234.0
 3 , 6 , 241 , 106 , 107 , 21.0 , 372.0 , 153 , 1254.0 , 30.0 , 180.0 , 14 , 248.0
 3 , 7 , 14 , 107 , 73 , 45.0 , 417.0 , 1479 , 2733.0 , 44.37 , 224.37 , 30 , 278.0
 3 , 8 , 192 , 73 , 87 , 15.0 , 432.0 , 127 , 2860.0 , 30.0 , 254.37 , 10 , 288.0
 3 , 9 , 192 , 87 , -1 , 166.5 , 598.5 , 0 , 2860.0 , 0.0 , 254.37 , 111 , 399.0, 12.87

 4 , 0 , 32 , -1 , 51 , 33.0 , 33.0 , 152 , 152.0 , 30.0 , 30.0 , 22 , 22.0
 4 , 1 , 201 , 51 , 10 , 19.5 , 52.5 , 124 , 276.0 , 30.0 , 60.0 , 13 , 35.0
 4 , 2 , 67 , 10 , 94 , 76.5 , 129.0 , 102 , 378.0 , 30.0 , 90.0 , 51 , 86.0
 4 , 3 , 155 , 94 , 76 , 61.5 , 190.5 , 184 , 562.0 , 30.0 , 120.0 , 41 , 127.0
 4 , 4 , 180 , 76 , 77 , 9.0 , 199.5 , 159 , 721.0 , 30.0 , 150.0 , 6 , 133.0
 4 , 5 , 20 , 77 , 6 , 96.0 , 295.5 , 111 , 832.0 , 30.0 , 180.0 , 64 , 197.0
 4 , 6 , 188 , 6 , 51 , 37.5 , 333.0 , 127 , 959.0 , 30.0 , 210.0 , 25 , 222.0
 4 , 7 , 188 , 51 , -1 , 33.0 , 366.0 , 0 , 959.0 , 0.0 , 210.0 , 22 , 244.0

Fitness:  1699.0 TotDist: , 1699

